3280        4660        2600        3910
3280        4670        2600        3920
3280        4670        2600        3910
3280        4670        2600        3910
3280        4660        2600        3900
3280        4660        2610        3920
3280        4660        2600        3920
3280        4660        2610        3910
3280        4660        2600        3900
3280        4660        2600        3920
3290        4660        2600        3920
3290        4650        2600        3910
3290        4650        2600        3920
3300        4650        2590        3920
3290        4660        2590        3910
3290        4660        2590        3900
3280        4660        2590        3890
3280        4650        2590        3880
3280        4660        2590        3880
3290        4660        2590        3900
3280        4660        2590        3920
3280        4660        2590        3910
3270        4670        2600        3900
3270        4660        2600        3910
3280        4660        2600        3900
3290        4660        2600        3910
3280        4660        2610        3900
3290        4660        2610        3910
3290        4670        2610        3900
3290        4660        2610        3910
3290        4670        2610        3910
3290        4670        2610        3900
3280        4660        2610        3910
3280        4660        2620        3920
3280        4660        2610        3920
3280        4660        2610        3910
3280        4670        2610        3920
3280        4670        2610        3930
3280        4670        2610        3930
3280        4660        2610        3930
3280        4660        2610        3920
3280        4660        2610        3920
3280        4660        2610        3900
3270        4660        2610        3910
3280        4660        2610        3920
3280        4660        2610        3910
3280        4660        2600        3900
3280        4660        2590        3890
3280        4650        2590        3880
3270        4660        2590        3880
3270        4650        2590        3890
3270        4660        2590        3880
3280        4660        2590        3900
3270        4670        2590        3900
3270        4680        2590        3900
3270        4670        2590        3910
3270        4660        2590        3910
3270        4660        2590        3910
3270        4660        2600        3910
3270        4660        2600        3910
3280        4650        2590        3900
3280        4650        2600        3910
3280        4650        2590        3890
3280        4640        2600        3900
3270        4660        2600        3890
3270        4660        2600        3900
3270        4660        2590        3910
3270        4660        2600        3890
3270        4660        2600        3900
3270        4660        2600        3910
3270        4670        2600        3890
3270        4660        2600        3900
3280        4650        2600        3910
3290        4660        2600        3900
3290        4660        2590        3920
3290        4660        2590        3920
3290        4650        2590        3900
3290        4660        2590        3910
3290        4650        2590        3890
3290        4660        2590        3900
3280        4660        2590        3890
3280        4650        2590        3890
3280        4650        2590        3890
3280        4650        2590        3900
3280        4650        2590        3890
3280        4660        2590        3880
3270        4660        2590        3890
3270        4660        2590        3900
3270        4670        2590        3910
3270        4680        2590        3910
3270        4670        2590        3920
3280        4660        2590        3930
3270        4660        2590        3940
3270        4650        2590        3930
3270        4650        2590        3910
3270        4650        2600        3910
3270        4660        2600        3920
3280        4660        2600        3910
3280        4660        2600        3890
3280        4670        2590        3900
3290        4660        2590        3890
3290        4660        2590        3910
3290        4660        2590        3910
3290        4660        2590        3910
3290        4670        2590        3900
3280        4660        2590        3900
3280        4670        2590        3900
3270        4660        2590        3910
3270        4660        2590        3920
3270        4660        2590        3920
3270        4650        2590        3910
3280        4650        2600        3910
3280        4650        2600        3920
3280        4650        2600        3910
3270        4650        2600        3910
3270        4660        2600        3910
3270        4670        2600        3920
3270        4660        2600        3920
3270        4670        2600        3910
3270        4670        2600        3900
3280        4670        2600        3890
3280        4660        2600        3880
3270        4660        2600        3880
3270        4660        2610        3890
3270        4660        2600        3910
3280        4660        2600        3910
3280        4670        2610        3890
3290        4660        2610        3900
3290        4650        2610        3890
3290        4650        2610        3900
3300        4650        2610        3900
3290        4650        2610        3900
3290        4650        2620        3900
3280        4660        2610        3910
3280        4650        2600        3910
3280        4650        2600        3900
3280        4650        2600        3900
3280        4650        2600        3900
3290        4660        2610        3910
3300        4660        2610        3920
3290        4650        2610        3920
3290        4660        2610        3900
3290        4660        2610        3920
3280        4670        2610        3900
3270        4660        2610        3890
3270        4660        2610        3890
3270        4660        2610        3880
4850        5320        2030        2870
4860        5320        2020        2870
4860        5320        2030        2870
4860        5320        2030        2890
4860        5330        2020        2870
4870        5300        2020        2880
4870        5310        2030        2870
4870        5320        2010        2890
4870        5320        2020        2860
4870        5320        2030        2880
4870        5320        2030        2890
4870        5320        2040        2880
4870        5320        2040        2890
4870        5330        2020        2870
4870        5330        2050        2870
4870        5330        2050        2880
4880        5300        2030        2870
4880        5300        2030        2880
4880        5310        2010        2870
4880        5310        2020        2880
4880        5310        2030        2880
4880        5320        2010        2880
4880        5320        2010        2890
4880        5320        2020        2860
4880        5320        2020        2870
4880        5320        2030        2870
4880        5320        2030        2880
4880        5320        2040        2880
4880        5320        2050        2880
4880        5330        2020        2880
4880        5330        2020        2890
4880        5330        2030        2880
4880        5330        2040        2870
4880        5330        2040        2880
4880        5330        2040        2890
4880        5330        2050        2880
4880        5340        2010        2880
4890        5300        2020        2870
4890        5310        2010        2860
4890        5310        2020        2860
4890        5310        2020        2870
4890        5310        2020        2880
4890        5310        2030        2870
4890        5320        2010        2880
4890        5320        2010        2890
4890        5320        2020        2880
4890        5320        2030        2870
4890        5320        2030        2880
4890        5320        2040        2880
4890        5320        2040        2890
4890        5330        2010        2880
4890        5330        2020        2870
4890        5330        2020        2880
4890        5330        2020        2890
4890        5330        2030        2880
4890        5330        2030        2890
4890        5330        2040        2870
4890        5330        2040        2880
4890        5330        2040        2890
4890        5330        2040        2900
4890        5340        2020        2880
4890        5340        2030        2880
4890        5340        2030        2890
4890        5340        2040        2880
4890        5340        2040        2890
4910        5310        2010        2880
4910        5310        2020        2860
4910        5310        2020        2870
4910        5310        2020        2880
4910        5310        2030        2870
4910        5320        2010        2880
4910        5320        2010        2890
4910        5320        2020        2860
4910        5320        2020        2880
4910        5320        2030        2870
4910        5320        2030        2880
4910        5320        2030        2890
4910        5320        2030        2900
4910        5320        2040        2880
4910        5320        2040        2890
4910        5320        2050        2880
4910        5330        2010        2880
4910        5330        2010        2890
4910        5330        2020        2880
4910        5330        2020        2890
4910        5330        2030        2880
4910        5330        2030        2890
4910        5330        2030        2900
4910        5330        2040        2870
4910        5330        2040        2880
4910        5330        2040        2890
4910        5330        2040        2900
4910        5340        2010        2890
4910        5340        2020        2890
4910        5340        2030        2880
4910        5340        2030        2890
4910        5340        2040        2870
4910        5340        2040        2880
4910        5340        2040        2890
4910        5340        2050        2880
4910        5340        2060        2880
4910        5350        2030        2880
4910        5350        2040        2870
4910        5350        2040        2880
4910        5350        2050        2870
4920        5310        2010        2880
4920        5310        2020        2870
4920        5310        2020        2880
4920        5310        2030        2870
4920        5330        2020        2880
4920        5330        2030        2870
4920        5330        2030        2880
4920        5330        2030        2890
4920        5330        2040        2880
4920        5330        2040        2890
4920        5340        2020        2880
4920        5340        2020        2890
4920        5340        2030        2880
4920        5340        2030        2890
4920        5340        2030        2900
4920        5340        2040        2870
4920        5340        2040        2880
4920        5340        2040        2890
4930        5330        2040        2870
4930        5340        2020        2880
4930        5340        2030        2880
4930        5340        2030        2890
4940        5340        2030        2880
