 740        5010        4540        6300
 740        5030        4550        6310
 740        5050        4550        6300
 740        5050        4550        6310
 740        5070        4550        6310
 750        5010        4550        6280
 750        5010        4550        6290
 750        5010        4550        6300
 750        5010        4550        6310
 750        5030        4550        6290
 750        5030        4550        6300
 750        5030        4550        6310
 750        5050        4540        6310
 750        5050        4550        6290
 750        5050        4550        6300
 750        5070        4550        6290
 750        5070        4550        6300
 750        5070        4550        6310
 760        5010        4550        6290
 760        5010        4550        6300
 760        5010        4550        6310
 760        5020        4550        6290
 760        5020        4550        6300
 760        5020        4550        6310
 760        5030        4550        6290
 760        5030        4550        6300
 760        5030        4550        6310
 760        5030        4560        6300
 760        5050        4540        6310
 760        5050        4550        6290
 760        5050        4550        6300
 760        5050        4550        6310
 760        5060        4540        6290
 760        5060        4550        6310
 760        5070        4540        6290
 760        5070        4540        6300
 760        5070        4550        6300
 760        5070        4550        6310
 760        5070        4560        6300
 760        5070        4560        6310
 770        5000        4540        6290
 770        5000        4550        6290
 770        5000        4550        6300
 770        5010        4540        6300
 770        5010        4540        6310
 770        5010        4550        6280
 770        5010        4550        6290
 770        5010        4550        6300
 770        5010        4550        6310
 770        5020        4550        6290
 770        5020        4550        6300
 770        5020        4550        6310
 770        5030        4540        6290
 770        5030        4550        6290
 770        5030        4550        6300
 770        5030        4550        6310
 770        5030        4560        6280
 770        5040        4540        6300
 770        5040        4550        6290
 770        5040        4550        6300
 770        5040        4550        6310
 770        5050        4540        6300
 770        5050        4540        6310
 770        5050        4550        6290
 770        5050        4550        6300
 770        5050        4550        6310
 770        5070        4540        6290
 770        5070        4540        6310
 770        5070        4550        6290
 770        5070        4550        6300
 770        5070        4550        6310
 780        5000        4550        6310
 780        5010        4540        6290
 780        5010        4540        6300
 780        5010        4550        6280
 780        5010        4550        6300
 780        5030        4550        6290
 780        5030        4550        6300
 780        5030        4550        6310
 780        5050        4550        6300
 780        5050        4550        6310
 780        5070        4550        6290
 780        5070        4550        6300
 780        5070        4550        6310
 790        5010        4550        6280
 790        5010        4550        6290
 790        5010        4550        6310
 790        5030        4540        6310
 790        5030        4550        6290
 790        5050        4550        6300
 790        5070        4540        6310
1200        4550        4550        6300
1200        4550        4570        6300
1210        4540        4560        6280
1210        4540        4560        6300
1210        4550        4550        6300
1210        4550        4560        6290
1210        4550        4560        6300
1210        4550        4570        6290
1210        4550        4570        6300
1220        4540        4550        6290
1220        4540        4550        6300
1220        4540        4560        6300
1220        4540        4570        6310
1220        4550        4550        6290
1220        4550        4550        6300
1220        4550        4550        6310
1220        4550        4560        6290
1220        4550        4560        6300
1220        4550        4570        6290
1220        4550        4570        6300
1220        4550        4570        6310
1230        4540        4540        6310
1230        4540        4550        6290
1230        4540        4550        6310
1230        4550        4540        6290
1230        4550        4550        6290
1230        4550        4550        6300
1230        4550        4550        6310
1230        4550        4560        6300
1230        4550        4560        6310
1230        4550        4570        6290
1230        4550        4570        6300
1230        4560        4550        6310
1240        4540        4550        6300
1240        4540        4550        6310
1240        4540        4560        6310
1240        4550        4550        6290
1240        4550        4550        6300
1240        4550        4550        6310
1240        4550        4560        6290
1240        4550        4560        6300
1240        4550        4560        6310
1240        4550        4570        6300
1240        4550        4580        6290
1250        4540        4540        6300
1250        4540        4550        6300
1250        4540        4550        6310
1250        4540        4560        6290
1250        4540        4580        6290
1250        4550        4540        6300
1250        4550        4550        6300
1250        4550        4550        6310
1250        4550        4560        6290
1250        4550        4560        6300
1250        4550        4570        6300
1250        4560        4550        6300
1260        4550        4540        6300
1260        4550        4540        6310
1260        4550        4550        6290
1260        4550        4550        6300
1260        4550        4560        6300
1260        4550        4570        6290
1260        4550        4570        6300
1270        4540        4550        6280
1270        4540        4550        6300
1270        4540        4550        6310
1270        4540        4560        6300
1270        4540        4560        6310
1270        4540        4580        6280
1270        4550        4550        6290
1270        4550        4550        6300
1270        4550        4560        6290
1270        4550        4560        6300
1270        4550        4570        6290
1270        4550        4570        6300
1270        4550        4570        6310
1270        4550        4600        6280
1280        4540        4550        6290
1280        4540        4550        6300
1280        4540        4550        6310
1280        4540        4580        6280
1280        4550        4540        6300
1280        4550        4540        6310
1280        4550        4550        6290
1280        4550        4550        6300
1280        4550        4560        6290
1280        4550        4560        6300
1280        4550        4580        6300
1280        4560        4560        6310
1290        4540        4540        6310
1290        4540        4550        6290
1290        4540        4570        6290
1290        4550        4550        6290
1290        4550        4550        6300
1290        4550        4550        6310
1290        4550        4560        6290
1290        4550        4560        6300
1300        4550        4550        6300
4850        5320        2030        2870
4860        5320        2020        2870
4860        5320        2030        2870
4860        5320        2030        2890
4860        5330        2020        2870
4870        5300        2020        2880
4870        5310        2030        2870
4870        5320        2010        2890
4870        5320        2020        2860
4870        5320        2030        2880
4870        5320        2030        2890
4870        5320        2040        2880
4870        5320        2040        2890
4870        5330        2020        2870
4870        5330        2050        2870
4870        5330        2050        2880
4880        5300        2030        2870
4880        5300        2030        2880
4880        5310        2010        2870
4880        5310        2020        2880
4880        5310        2030        2880
4880        5320        2010        2880
4880        5320        2010        2890
4880        5320        2020        2860
4880        5320        2020        2870
4880        5320        2030        2870
4880        5320        2030        2880
4880        5320        2040        2880
4880        5320        2050        2880
4880        5330        2020        2880
4880        5330        2020        2890
4880        5330        2030        2880
4880        5330        2040        2870
4880        5330        2040        2880
4880        5330        2040        2890
4880        5330        2050        2880
4880        5340        2010        2880
4890        5300        2020        2870
4890        5310        2010        2860
4890        5310        2020        2860
4890        5310        2020        2870
4890        5310        2020        2880
4890        5310        2030        2870
4890        5320        2010        2880
4890        5320        2010        2890
4890        5320        2020        2880
4890        5320        2030        2870
4890        5320        2030        2880
4890        5320        2040        2880
4890        5320        2040        2890
4890        5330        2010        2880
4890        5330        2020        2870
4890        5330        2020        2880
4890        5330        2020        2890
4890        5330        2030        2880
4890        5330        2030        2890
4890        5330        2040        2870
4890        5330        2040        2880
4890        5330        2040        2890
4890        5330        2040        2900
4890        5340        2020        2880
4890        5340        2030        2880
4890        5340        2030        2890
4890        5340        2040        2880
4890        5340        2040        2890
4910        5310        2010        2880
4910        5310        2020        2860
4910        5310        2020        2870
4910        5310        2020        2880
4910        5310        2030        2870
4910        5320        2010        2880
4910        5320        2010        2890
4910        5320        2020        2860
4910        5320        2020        2880
4910        5320        2030        2870
4910        5320        2030        2880
4910        5320        2030        2890
4910        5320        2030        2900
4910        5320        2040        2880
4910        5320        2040        2890
4910        5320        2050        2880
4910        5330        2010        2880
4910        5330        2010        2890
4910        5330        2020        2880
4910        5330        2020        2890
4910        5330        2030        2880
4910        5330        2030        2890
4910        5330        2030        2900
4910        5330        2040        2870
4910        5330        2040        2880
4910        5330        2040        2890
4910        5330        2040        2900
4910        5340        2010        2890
4910        5340        2020        2890
4910        5340        2030        2880
4910        5340        2030        2890
4910        5340        2040        2870
4910        5340        2040        2880
4910        5340        2040        2890
4910        5340        2050        2880
4910        5340        2060        2880
4910        5350        2030        2880
4910        5350        2040        2870
4910        5350        2040        2880
4910        5350        2050        2870
4920        5310        2010        2880
4920        5310        2020        2870
4920        5310        2020        2880
4920        5310        2030        2870
4920        5330        2020        2880
4920        5330        2030        2870
4920        5330        2030        2880
4920        5330        2030        2890
4920        5330        2040        2880
4920        5330        2040        2890
4920        5340        2020        2880
4920        5340        2020        2890
4920        5340        2030        2880
4920        5340        2030        2890
4920        5340        2030        2900
4920        5340        2040        2870
4920        5340        2040        2880
4920        5340        2040        2890
4930        5330        2040        2870
4930        5340        2020        2880
4930        5340        2030        2880
4930        5340        2030        2890
4940        5340        2030        2880